-675.0000 0.0000
-625.0000 0.0752
-575.0000 0.0000
-525.0000 0.1529
-475.0000 0.1307
-425.0000 0.1276
-375.0000 0.1069
-325.0000 0.1015
-275.0000 0.1001
-225.0000 0.0909
-175.0000 0.0914
-125.0000 0.0832
-75.0000 0.0799
-25.0000 0.0824
25.0000 0.0781
75.0000 0.0726
125.0000 0.0693
175.0000 0.0644
225.0000 0.0625
275.0000 0.0600
325.0000 0.0599
375.0000 0.0566
425.0000 0.0568
475.0000 0.0553
525.0000 0.0538
575.0000 0.0567
625.0000 0.0558
675.0000 0.0564
725.0000 0.0588
775.0000 0.0567
825.0000 0.0539
875.0000 0.0000
