600 3.24881
600 3.24881
627.705 3.1861
656.689 3.12456
687.011 3.06429
718.733 3.00534
751.92 2.94781
786.64 2.89177
822.962 2.83731
860.962 2.78454
900.716 2.73354
942.307 2.68441
985.817 2.63727
1031.34 2.59221
1078.96 2.54935
1128.78 2.50881
1180.9 2.47069
1235.43 2.43511
1292.47 2.40218
1352.15 2.37202
1414.58 2.34472
1479.9 2.3204
1548.24 2.29914
1619.73 2.28103
1694.51 2.26615
1772.76 2.25456
1854.61 2.24632
1940.25 2.24145
2029.84 2.23998
2123.57 2.24191
2221.62 2.24725
2324.2 2.25596
2431.52 2.26801
2543.8 2.28333
2661.25 2.30188
2784.14 2.32356
2912.69 2.3483
3047.18 2.37599
3187.89 2.40654
3335.08 2.43984
3489.08 2.47578
3650.19 2.51424
3818.73 2.55511
3995.06 2.59827
4179.53 2.64362
4372.52 2.69105
4574.41 2.74044
4785.63 2.79169
5006.61 2.8447
5237.79 2.89938
5479.64 2.95563
5732.66 3.01336
5997.36 3.07249
6274.28 3.13295
6563.99 3.19465
6867.08 3.25752
7184.17 3.32151
7515.89 3.38654
7862.93 3.45255
8226 3.5195
8605.83 3.58733
9003.2 3.65598
9418.92 3.72542
9853.83 3.7956
10308.8 3.86649
10784.8 3.93803
11282.8 4.0102
11803.8 4.08297
12348.8 4.1563
12919 4.23016
13515.5 4.30453
14139.6 4.37938
14792.5 4.45469
15475.5 4.53043
16190.1 4.60658
16937.7 4.68313
17719.8 4.76004
18538 4.83731
19394 4.91492
20289.5 4.99286
21226.3 5.0711
22206.4 5.14963
23231.8 5.22845
24304.5 5.30753
25426.8 5.38687
26600.8 5.46646
27829.1 5.54628
29114.1 5.62632
30458.4 5.70658
31864.8 5.78704
33336.2 5.86771
34875.4 5.94856
36485.8 6.02959
38170.5 6.1108
39933 6.19218
41776.9 6.27372
43705.9 6.35541
45724 6.43726
47835.3 6.51924
50044 6.60137
52354.8 6.68363
54772.3 6.76601
57301.3 6.84852
59947.2 6.93115
62715.2 7.0139
65611.1 7.09675
68640.6 7.17971
71810 7.26278
75125.8 7.34595
78594.7 7.42921
82223.8 7.51257
86020.4 7.59601
89992.4 7.67955
94147.7 7.76316
98494.9 7.84687
103043 7.93064
107801 8.0145
112778 8.09843
117986 8.18244
123434 8.26651
129133 8.35065
135096 8.43486
141334 8.51913
147860 8.60346
154687 8.68785
161830 8.7723
169302 8.85681
177120 8.94137
185298 9.02599
193854 9.11066
202805 9.19538
212170 9.28015
221967 9.36496
232216 9.44983
242938 9.53473
254156 9.61969
265891 9.70468
278169 9.78972
291013 9.8748
304450 9.95992
318508 10.0451
333215 10.1303
348601 10.2155
364697 10.3008
381537 10.3861
399154 10.4714
417585 10.5568
436867 10.6422
457039 10.7276
478142 10.8131
500220 10.8986
523318 10.9841
547481 11.0697
572761 11.1552
599208 11.2409
626876 11.3265
655822 11.4122
686104 11.4978
717784 11.5836
750928 11.6693
785601 11.7551
821876 11.8408
859826 11.9267
899527 12.0125
941063 12.0983
984516 12.1842
1.02998e+06 12.2701
1.07753e+06 12.356
1.12729e+06 12.442
1.17934e+06 12.5279
1.2338e+06 12.6139
1.29077e+06 12.6999
1.35037e+06 12.7859
1.41272e+06 12.872
1.47795e+06 12.958
1.54619e+06 13.0441
1.61759e+06 13.1302
1.69228e+06 13.2163
1.77042e+06 13.3024
1.85217e+06 13.3885
1.93769e+06 13.4747
2.02716e+06 13.5608
2.12076e+06 13.647
2.21869e+06 13.7332
2.32114e+06 13.8194
2.42831e+06 13.9057
2.54044e+06 13.9919
2.65774e+06 14.0782
2.78046e+06 14.1644
2.90885e+06 14.2507
3.04316e+06 14.337
3.18368e+06 14.4233
3.33068e+06 14.5097
3.48447e+06 14.596
3.64537e+06 14.6823
3.81369e+06 14.7687
3.98979e+06 14.8551
4.17401e+06 14.9414
4.36674e+06 15.0278
4.56838e+06 15.1142
4.77932e+06 15.2007
5e+06 15.2871
