600 1.98013
600 1.98013
627.705 1.94041
656.689 1.9014
687.011 1.86316
718.733 1.82573
751.92 1.78916
786.64 1.7535
822.962 1.71882
860.962 1.68516
900.716 1.65261
942.307 1.62121
985.817 1.59104
1031.34 1.56217
1078.96 1.53468
1128.78 1.50863
1180.9 1.48411
1235.43 1.46119
1292.47 1.43995
1352.15 1.42046
1414.58 1.40281
1479.9 1.38704
1548.24 1.37324
1619.73 1.36146
1694.51 1.35176
1772.76 1.34417
1854.61 1.33874
1940.25 1.3355
2029.84 1.33445
2123.57 1.3356
2221.62 1.33895
2324.2 1.34448
2431.52 1.35216
2543.8 1.36196
2661.25 1.37384
2784.14 1.38773
2912.69 1.40358
3047.18 1.42133
3187.89 1.4409
3335.08 1.46222
3489.08 1.48521
3650.19 1.50981
3818.73 1.53592
3995.06 1.56348
4179.53 1.59241
4372.52 1.62264
4574.41 1.65409
4785.63 1.6867
5006.61 1.7204
5237.79 1.75514
5479.64 1.79084
5732.66 1.82745
5997.36 1.86492
6274.28 1.9032
6563.99 1.94223
6867.08 1.98199
7184.17 2.02241
7515.89 2.06347
7862.93 2.10513
8226 2.14734
8605.83 2.19009
9003.2 2.23333
9418.92 2.27705
9853.83 2.32121
10308.8 2.36578
10784.8 2.41076
11282.8 2.4561
11803.8 2.5018
12348.8 2.54784
12919 2.59419
13515.5 2.64084
14139.6 2.68778
14792.5 2.73498
15475.5 2.78245
16190.1 2.83015
16937.7 2.87809
17719.8 2.92624
18538 2.97461
19394 3.02317
20289.5 3.07192
21226.3 3.12086
22206.4 3.16996
23231.8 3.21924
24304.5 3.26866
25426.8 3.31824
26600.8 3.36796
27829.1 3.41782
29114.1 3.46781
30458.4 3.51793
31864.8 3.56816
33336.2 3.61851
34875.4 3.66897
36485.8 3.71954
38170.5 3.77021
39933 3.82098
41776.9 3.87184
43705.9 3.92279
45724 3.97383
47835.3 4.02495
50044 4.07615
52354.8 4.12743
54772.3 4.17878
57301.3 4.23021
59947.2 4.2817
62715.2 4.33326
65611.1 4.38489
68640.6 4.43658
71810 4.48832
75125.8 4.54013
78594.7 4.59199
82223.8 4.64391
86020.4 4.69587
89992.4 4.74789
94147.7 4.79996
98494.9 4.85207
103043 4.90423
107801 4.95644
112778 5.00869
117986 5.06098
123434 5.11331
129133 5.16568
135096 5.21808
141334 5.27053
147860 5.32301
154687 5.37552
161830 5.42807
169302 5.48065
177120 5.53326
185298 5.58591
193854 5.63858
202805 5.69128
212170 5.74402
221967 5.79677
232216 5.84956
242938 5.90237
254156 5.95521
265891 6.00807
278169 6.06096
291013 6.11387
304450 6.1668
318508 6.21976
333215 6.27273
348601 6.32573
364697 6.37875
381537 6.43179
399154 6.48485
417585 6.53793
436867 6.59103
457039 6.64414
478142 6.69727
500220 6.75042
523318 6.80359
547481 6.85677
572761 6.90998
599208 6.96319
626876 7.01642
655822 7.06967
686104 7.12293
717784 7.17621
750928 7.2295
785601 7.2828
821876 7.33612
859826 7.38945
899527 7.44279
941063 7.49615
984516 7.54952
1.02998e+06 7.6029
1.07753e+06 7.65629
1.12729e+06 7.7097
1.17934e+06 7.76312
1.2338e+06 7.81654
1.29077e+06 7.86998
1.35037e+06 7.92343
1.41272e+06 7.97689
1.47795e+06 8.03036
1.54619e+06 8.08384
1.61759e+06 8.13733
1.69228e+06 8.19083
1.77042e+06 8.24434
1.85217e+06 8.29786
1.93769e+06 8.35139
2.02716e+06 8.40492
2.12076e+06 8.45847
2.21869e+06 8.51202
2.32114e+06 8.56559
2.42831e+06 8.61916
2.54044e+06 8.67274
2.65774e+06 8.72632
2.78046e+06 8.77992
2.90885e+06 8.83352
3.04316e+06 8.88713
3.18368e+06 8.94075
3.33068e+06 8.99438
3.48447e+06 9.04801
3.64537e+06 9.10165
3.81369e+06 9.15529
3.98979e+06 9.20895
4.17401e+06 9.26261
4.36674e+06 9.31627
4.56838e+06 9.36995
4.77932e+06 9.42363
5e+06 9.47731
