600 1.64295
627.705 1.59642
656.689 1.55116
687.011 1.50728
718.733 1.46493
751.92 1.42422
786.64 1.3853
822.962 1.34834
860.962 1.31348
900.716 1.28092
942.307 1.25082
985.817 1.22337
1031.34 1.19875
1078.96 1.17714
1128.78 1.1587
1180.9 1.1436
1235.43 1.13195
1292.47 1.12387
1352.15 1.11945
1414.58 1.11871
1479.9 1.12167
1548.24 1.1283
1619.73 1.13853
1694.51 1.15228
1772.76 1.1694
1854.61 1.18977
1940.25 1.21321
2029.84 1.23956
2123.57 1.26862
2221.62 1.30022
2324.2 1.33418
2431.52 1.37033
2543.8 1.40848
2661.25 1.44849
2784.14 1.49021
2912.69 1.5335
3047.18 1.57822
3187.89 1.62426
3335.08 1.67151
3489.08 1.71987
3650.19 1.76926
3818.73 1.81957
3995.06 1.87075
4179.53 1.92272
4372.52 1.97542
4574.41 2.02879
4785.63 2.08279
5006.61 2.13735
5237.79 2.19245
5479.64 2.24804
5732.66 2.30409
5997.36 2.36056
6274.28 2.41742
6563.99 2.47465
6867.08 2.53222
7184.17 2.59012
7515.89 2.64831
7862.93 2.70678
8226 2.76551
8605.83 2.82448
9003.2 2.88369
9418.92 2.94311
9853.83 3.00274
10308.8 3.06256
10784.8 3.12256
11282.8 3.18272
11803.8 3.24305
12348.8 3.30353
12919 3.36416
13515.5 3.42492
14139.6 3.48581
14792.5 3.54682
15475.5 3.60795
16190.1 3.66919
16937.7 3.73053
17719.8 3.79197
18538 3.85351
19394 3.91514
20289.5 3.97686
21226.3 4.03866
22206.4 4.10053
23231.8 4.16248
24304.5 4.22451
25426.8 4.2866
26600.8 4.34876
27829.1 4.41098
29114.1 4.47326
30458.4 4.5356
31864.8 4.598
33336.2 4.66044
34875.4 4.72294
36485.8 4.78549
38170.5 4.84809
39933 4.91073
41776.9 4.97341
43705.9 5.03614
45724 5.09891
47835.3 5.16172
50044 5.22456
52354.8 5.28744
54772.3 5.35036
57301.3 5.41331
59947.2 5.47629
62715.2 5.53931
65611.1 5.60235
68640.6 5.66542
71810 5.72853
75125.8 5.79166
78594.7 5.85481
82223.8 5.918
86020.4 5.9812
89992.4 6.04444
94147.7 6.10769
98494.9 6.17097
103043 6.23427
107801 6.29759
112778 6.36093
117986 6.4243
123434 6.48768
129133 6.55108
135096 6.6145
141334 6.67794
147860 6.74139
154687 6.80486
161830 6.86835
169302 6.93186
177120 6.99537
185298 7.05891
193854 7.12246
202805 7.18602
212170 7.2496
221967 7.31319
232216 7.3768
242938 7.44041
254156 7.50404
265891 7.56769
278169 7.63134
291013 7.69501
304450 7.75868
318508 7.82237
333215 7.88607
348601 7.94978
364697 8.0135
381537 8.07723
399154 8.14097
417585 8.20472
436867 8.26848
457039 8.33225
478142 8.39603
500220 8.45981
523318 8.52361
547481 8.58741
572761 8.65122
599208 8.71504
626876 8.77887
655822 8.8427
686104 8.90654
717784 8.97039
750928 9.03425
785601 9.09811
821876 9.16198
859826 9.22586
899527 9.28975
941063 9.35364
984516 9.41753
1.02998e+06 9.48144
1.07753e+06 9.54534
1.12729e+06 9.60926
1.17934e+06 9.67318
1.2338e+06 9.73711
1.29077e+06 9.80104
1.35037e+06 9.86498
1.41272e+06 9.92892
1.47795e+06 9.99287
1.54619e+06 10.0568
1.61759e+06 10.1208
1.69228e+06 10.1847
1.77042e+06 10.2487
1.85217e+06 10.3127
1.93769e+06 10.3767
2.02716e+06 10.4406
2.12076e+06 10.5046
2.21869e+06 10.5686
2.32114e+06 10.6326
2.42831e+06 10.6966
2.54044e+06 10.7606
2.65774e+06 10.8246
2.78046e+06 10.8886
2.90885e+06 10.9527
3.04316e+06 11.0167
3.18368e+06 11.0807
3.33068e+06 11.1447
3.48447e+06 11.2088
3.64537e+06 11.2728
3.81369e+06 11.3368
3.98979e+06 11.4009
4.17401e+06 11.4649
4.36674e+06 11.529
4.56838e+06 11.593
4.77932e+06 11.6571
